X 		 Y 		 Z 
20 		 100 		 0.9996 		 % max 
 
1 		 43 		  0.99952216 
1 		 42 		  0.00089742 
1 		 41 		  0.00258288 
1 		 39 		  0.00049829 
1 		 38 		  0.00010162 
1 		 37 		  0.00014294 
1 		 36 		  0.00051407 
1 		 35 		  0.00366817 
1 		 34 		  0.00091018 
1 		 33 		  0.00229501 
1 		 31 		  0.00060356 
1 		 30 		  0.00105871 
1 		 29 		  0.00024134 
1 		 28 		  0.00060469 
1 		 27 		  0.00367365 
1 		 25 		  0.00080705 
1 		 22 		  0.00015447 
1 		 5 		  0.00029349 
1 		 4 		  0.00013310 
1 		 3 		  0.99959555 
1 		 2 		  0.02524176 
1 		 1 		  0.98961946 
2 		 100 		  0.00543762 
2 		 99 		  0.00106437 
2 		 98 		  0.00666099 
2 		 97 		  0.00323591 
2 		 96 		  0.00165271 
2 		 95 		  0.07085548 
2 		 94 		  0.00118310 
2 		 93 		  0.00175825 
2 		 92 		  0.00038687 
2 		 91 		  0.00170055 
2 		 90 		  0.00036184 
2 		 89 		  0.00162663 
2 		 88 		  0.00033647 
2 		 87 		  0.00083415 
2 		 85 		  0.00058803 
2 		 81 		  0.00017914 
2 		 80 		  0.00109948 
2 		 79 		  0.00044843 
2 		 77 		  0.00079801 
2 		 76 		  0.00203888 
2 		 75 		  0.00193459 
2 		 74 		  0.00053975 
2 		 73 		  0.00160797 
2 		 72 		  0.00052746 
2 		 71 		  0.00056914 
2 		 70 		  0.00391308 
2 		 69 		  0.00041401 
2 		 68 		  0.00044464 
2 		 67 		  0.00207508 
2 		 66 		  0.00030833 
2 		 65 		  0.00607043 
2 		 64 		  0.00101713 
2 		 63 		  0.00389813 
2 		 62 		  0.00156374 
2 		 61 		  0.00216009 
2 		 60 		  0.00282519 
2 		 59 		  0.00191601 
2 		 58 		  0.00227936 
2 		 56 		  0.00142898 
2 		 55 		  0.00018063 
2 		 54 		  0.00034229 
2 		 53 		  0.00025719 
2 		 52 		  0.00019868 
2 		 51 		  0.00034701 
2 		 50 		  0.00021253 
2 		 49 		  0.00017027 
2 		 48 		  0.00054442 
2 		 47 		  0.00750988 
2 		 46 		  0.00775403 
2 		 45 		  0.00736487 
2 		 44 		  0.00193294 
2 		 43 		  0.00046709 
2 		 42 		  0.00067429 
2 		 41 		  0.90780660 
2 		 40 		  0.06384299 
2 		 39 		  0.00249432 
2 		 38 		  0.00079257 
2 		 37 		  0.00076176 
2 		 36 		  0.00042439 
2 		 35 		  0.05021050 
2 		 34 		  0.00133577 
2 		 33 		  0.05505346 
2 		 32 		  0.00241818 
2 		 31 		  0.00167195 
2 		 30 		  0.00124978 
2 		 29 		  0.00412903 
2 		 28 		  0.06841717 
2 		 27 		  0.01963487 
2 		 26 		  0.02011723 
2 		 25 		  0.89580023 
2 		 24 		  0.00998072 
2 		 22 		  0.13618812 
2 		 21 		  0.00324631 
2 		 20 		  0.02023526 
2 		 19 		  0.00928951 
2 		 18 		  0.00466422 
2 		 17 		  0.00531911 
2 		 16 		  0.02155189 
2 		 15 		  0.08350357 
2 		 14 		  0.02561400 
2 		 13 		  0.03510125 
2 		 12 		  0.05364857 
2 		 11 		  0.05546241 
2 		 10 		  0.09005676 
2 		 9 		  0.07949275 
2 		 8 		  0.07615148 
2 		 7 		  0.04680031 
2 		 6 		  0.04992944 
2 		 5 		  0.88633572 
2 		 4 		  0.68187072 
2 		 3 		  0.00030960 
2 		 2 		  0.96403618 
2 		 1 		  0.01035625 
3 		 100 		  0.00435020 
3 		 99 		  0.00221076 
3 		 98 		  0.00293207 
3 		 97 		  0.00257100 
3 		 96 		  0.00364939 
3 		 95 		  0.66011554 
3 		 94 		  0.00145640 
3 		 93 		  0.03929275 
3 		 92 		  0.09793642 
3 		 91 		  0.05296088 
3 		 90 		  0.07998052 
3 		 89 		  0.01951767 
3 		 88 		  0.00030878 
3 		 87 		  0.00544694 
3 		 86 		  0.03224501 
3 		 85 		  0.02489222 
3 		 84 		  0.03534137 
3 		 83 		  0.03527116 
3 		 82 		  0.03607154 
3 		 81 		  0.03501701 
3 		 80 		  0.00295304 
3 		 79 		  0.01036305 
3 		 78 		  0.00628375 
3 		 77 		  0.00490041 
3 		 76 		  0.01760149 
3 		 75 		  0.00014900 
3 		 74 		  0.01545751 
3 		 73 		  0.01783369 
3 		 71 		  0.00115673 
3 		 70 		  0.09793411 
3 		 68 		  0.00023124 
3 		 67 		  0.01707377 
3 		 66 		  0.01094633 
3 		 65 		  0.08579751 
3 		 64 		  0.01953177 
3 		 63 		  0.05433555 
3 		 62 		  0.02931473 
3 		 61 		  0.02612866 
3 		 60 		  0.08592975 
3 		 59 		  0.06632657 
3 		 58 		  0.07516166 
3 		 57 		  0.00987342 
3 		 56 		  0.03243274 
3 		 55 		  0.01241376 
3 		 54 		  0.01608064 
3 		 53 		  0.01411787 
3 		 52 		  0.01279901 
3 		 51 		  0.01581985 
3 		 50 		  0.01318657 
3 		 49 		  0.01153011 
3 		 48 		  0.00274619 
3 		 47 		  0.13128301 
3 		 46 		  0.13556017 
3 		 45 		  0.07809536 
3 		 44 		  0.01972897 
3 		 42 		  0.01370410 
3 		 41 		  0.08644319 
3 		 40 		  0.81028233 
3 		 39 		  0.03979704 
3 		 38 		  0.00344252 
3 		 37 		  0.00278244 
3 		 35 		  0.55097085 
3 		 34 		  0.03173575 
3 		 33 		  0.53679667 
3 		 32 		  0.02183176 
3 		 31 		  0.03775979 
3 		 30 		  0.03707646 
3 		 29 		  0.04758516 
3 		 28 		  0.67670528 
3 		 27 		  0.29781828 
3 		 26 		  0.14948027 
3 		 25 		  0.10305406 
3 		 24 		  0.04121874 
3 		 23 		  0.00193154 
3 		 22 		  0.57582145 
3 		 21 		  0.02418148 
3 		 20 		  0.14813775 
3 		 19 		  0.04666762 
3 		 18 		  0.03189567 
3 		 17 		  0.04426164 
3 		 16 		  0.12540115 
3 		 15 		  0.60607303 
3 		 14 		  0.15694132 
3 		 13 		  0.22948427 
3 		 12 		  0.32421393 
3 		 11 		  0.33346925 
3 		 10 		  0.54726125 
3 		 9 		  0.45477771 
3 		 8 		  0.41992015 
3 		 7 		  0.28762818 
3 		 6 		  0.30410610 
3 		 5 		  0.11313693 
3 		 4 		  0.29818223 
3 		 2 		  0.01060282 
4 		 100 		  0.02288451 
4 		 99 		  0.00793495 
4 		 98 		  0.02138197 
4 		 97 		  0.01407375 
4 		 96 		  0.01328658 
4 		 95 		  0.26648978 
4 		 94 		  0.08974043 
4 		 93 		  0.00961418 
4 		 92 		  0.02257303 
4 		 91 		  0.00520575 
4 		 90 		  0.01032210 
4 		 89 		  0.01829102 
4 		 88 		  0.01190984 
4 		 87 		  0.05334670 
4 		 85 		  0.02433326 
4 		 81 		  0.00243009 
4 		 80 		  0.09454210 
4 		 79 		  0.08344444 
4 		 78 		  0.17828920 
4 		 77 		  0.00200788 
4 		 76 		  0.05197466 
4 		 75 		  0.29012174 
4 		 74 		  0.30521821 
4 		 73 		  0.01293470 
4 		 72 		  0.05137473 
4 		 71 		  0.03151719 
4 		 70 		  0.03020654 
4 		 69 		  0.05454739 
4 		 68 		  0.07695610 
4 		 67 		  0.01144898 
4 		 66 		  0.00109587 
4 		 65 		  0.01604757 
4 		 64 		  0.00099712 
4 		 63 		  0.01991445 
4 		 62 		  0.00244285 
4 		 61 		  0.02221237 
4 		 60 		  0.00368013 
4 		 59 		  0.00744255 
4 		 58 		  0.00623850 
4 		 57 		  0.01630257 
4 		 56 		  0.00089967 
4 		 55 		  0.01034790 
4 		 54 		  0.00663228 
4 		 53 		  0.00815706 
4 		 52 		  0.00968813 
4 		 51 		  0.00621414 
4 		 50 		  0.00939854 
4 		 49 		  0.00958312 
4 		 48 		  0.01779624 
4 		 47 		  0.00162738 
4 		 46 		  0.00235310 
4 		 45 		  0.05712060 
4 		 44 		  0.02331909 
4 		 42 		  0.00035002 
4 		 41 		  0.00286266 
4 		 40 		  0.00103377 
4 		 39 		  0.04469213 
4 		 38 		  0.01465548 
4 		 37 		  0.01385561 
4 		 36 		  0.00665666 
4 		 35 		  0.38862985 
4 		 34 		  0.03865433 
4 		 33 		  0.39782845 
4 		 32 		  0.04507576 
4 		 31 		  0.02577174 
4 		 30 		  0.01837691 
4 		 29 		  0.07081370 
4 		 28 		  0.23912510 
4 		 27 		  0.15546267 
4 		 26 		  0.42415474 
4 		 25 		  0.00021222 
4 		 24 		  0.05372164 
4 		 23 		  0.00877137 
4 		 22 		  0.27965213 
4 		 21 		  0.05826251 
4 		 20 		  0.42885363 
4 		 19 		  0.11180365 
4 		 18 		  0.07690114 
4 		 17 		  0.10583820 
4 		 16 		  0.29623220 
4 		 15 		  0.30994805 
4 		 14 		  0.22855485 
4 		 13 		  0.44893275 
4 		 12 		  0.48449239 
4 		 11 		  0.48974472 
4 		 10 		  0.34298184 
4 		 9 		  0.40004988 
4 		 8 		  0.41582097 
4 		 7 		  0.52421357 
4 		 6 		  0.53952065 
4 		 5 		  0.00021603 
4 		 4 		  0.01903962 
4 		 2 		  0.00011346 
5 		 100 		  0.00662517 
5 		 99 		  0.01061005 
5 		 98 		  0.00042580 
5 		 97 		  0.00504979 
5 		 96 		  0.01118400 
5 		 95 		  0.00211601 
5 		 94 		  0.03021710 
5 		 93 		  0.06599622 
5 		 92 		  0.02310172 
5 		 91 		  0.06876191 
5 		 90 		  0.02117056 
5 		 89 		  0.05943728 
5 		 88 		  0.01034782 
5 		 87 		  0.02381522 
5 		 86 		  0.00205668 
5 		 85 		  0.01850318 
5 		 84 		  0.00374818 
5 		 83 		  0.00375655 
5 		 82 		  0.00312667 
5 		 81 		  0.00714882 
5 		 80 		  0.03043516 
5 		 79 		  0.00986351 
5 		 78 		  0.01149711 
5 		 77 		  0.03913922 
5 		 76 		  0.06440976 
5 		 75 		  0.02451962 
5 		 73 		  0.06576816 
5 		 72 		  0.01289127 
5 		 71 		  0.01688299 
5 		 70 		  0.57600168 
5 		 69 		  0.00653639 
5 		 68 		  0.00551914 
5 		 67 		  0.12407170 
5 		 66 		  0.01993891 
5 		 65 		  0.43796688 
5 		 64 		  0.06005542 
5 		 63 		  0.19769581 
5 		 62 		  0.09052088 
5 		 61 		  0.10429354 
5 		 60 		  0.25162425 
5 		 59 		  0.18287907 
5 		 58 		  0.20617648 
5 		 57 		  0.01850740 
5 		 56 		  0.10659124 
5 		 55 		  0.02728981 
5 		 54 		  0.03869690 
5 		 53 		  0.03264273 
5 		 52 		  0.02859795 
5 		 51 		  0.03802597 
5 		 50 		  0.02971676 
5 		 49 		  0.02516236 
5 		 48 		  0.01598697 
5 		 47 		  0.57549997 
5 		 46 		  0.57450438 
5 		 45 		  0.45073590 
5 		 44 		  0.07738377 
5 		 42 		  0.03581519 
5 		 41 		  0.00015986 
5 		 40 		  0.12396353 
5 		 39 		  0.51144850 
5 		 38 		  0.00938897 
5 		 37 		  0.00596397 
5 		 36 		  0.00198096 
5 		 35 		  0.00073486 
5 		 34 		  0.50783236 
5 		 33 		  0.00556475 
5 		 32 		  0.23161381 
5 		 31 		  0.68944186 
5 		 30 		  0.67437723 
5 		 29 		  0.41749272 
5 		 28 		  0.01274707 
5 		 27 		  0.02914156 
5 		 26 		  0.40477327 
5 		 24 		  0.12315829 
5 		 23 		  0.01346398 
5 		 21 		  0.10673980 
5 		 20 		  0.40115275 
5 		 19 		  0.07664005 
5 		 18 		  0.11084611 
5 		 17 		  0.33414155 
5 		 16 		  0.35573913 
5 		 14 		  0.34760246 
5 		 13 		  0.28529992 
5 		 12 		  0.13526290 
5 		 11 		  0.11847971 
5 		 10 		  0.01885988 
5 		 9 		  0.06386576 
5 		 8 		  0.08588298 
5 		 7 		  0.13819886 
5 		 6 		  0.10167524 
5 		 4 		  0.00070871 
6 		 100 		  0.38594186 
6 		 99 		  0.04923968 
6 		 98 		  0.39711818 
6 		 97 		  0.10240865 
6 		 96 		  0.06153105 
6 		 95 		  0.00029226 
6 		 94 		  0.06629650 
6 		 93 		  0.01931444 
6 		 92 		  0.22676429 
6 		 91 		  0.00082192 
6 		 90 		  0.24706821 
6 		 89 		  0.06781258 
6 		 88 		  0.07633001 
6 		 87 		  0.45073716 
6 		 86 		  0.19901320 
6 		 85 		  0.03248729 
6 		 84 		  0.18081122 
6 		 83 		  0.17979007 
6 		 82 		  0.19902745 
6 		 81 		  0.13803997 
6 		 80 		  0.00921649 
6 		 79 		  0.07851124 
6 		 78 		  0.02228441 
6 		 77 		  0.11427289 
6 		 76 		  0.08234522 
6 		 75 		  0.13921881 
6 		 74 		  0.06382626 
6 		 73 		  0.09714240 
6 		 72 		  0.02911882 
6 		 71 		  0.03173918 
6 		 70 		  0.25433203 
6 		 69 		  0.03645737 
6 		 68 		  0.04323031 
6 		 67 		  0.33875639 
6 		 66 		  0.01159985 
6 		 65 		  0.44454261 
6 		 64 		  0.00201406 
6 		 63 		  0.02478255 
6 		 62 		  0.00833456 
6 		 61 		  0.01715157 
6 		 60 		  0.15263732 
6 		 59 		  0.13111620 
6 		 58 		  0.10931098 
6 		 57 		  0.06937768 
6 		 56 		  0.03212020 
6 		 55 		  0.05125144 
6 		 54 		  0.03629698 
6 		 53 		  0.04185911 
6 		 52 		  0.04874993 
6 		 51 		  0.03096153 
6 		 50 		  0.04773958 
6 		 49 		  0.04362662 
6 		 48 		  0.04912553 
6 		 47 		  0.17931950 
6 		 46 		  0.15648055 
6 		 45 		  0.39338357 
6 		 44 		  0.07570859 
6 		 42 		  0.01015967 
6 		 40 		  0.00040963 
6 		 39 		  0.38612650 
6 		 38 		  0.04281149 
6 		 37 		  0.04058429 
6 		 36 		  0.02090525 
6 		 35 		  0.00314648 
6 		 34 		  0.39024246 
6 		 33 		  0.00012318 
6 		 32 		  0.21156406 
6 		 31 		  0.14742882 
6 		 30 		  0.18062944 
6 		 29 		  0.45076995 
6 		 28 		  0.00143353 
6 		 27 		  0.11498604 
6 		 26 		  0.00140989 
6 		 24 		  0.24509068 
6 		 23 		  0.01647248 
6 		 22 		  0.00017108 
6 		 21 		  0.27657203 
6 		 20 		  0.00157874 
6 		 19 		  0.25143459 
6 		 18 		  0.31856120 
6 		 17 		  0.50699049 
6 		 16 		  0.19173437 
6 		 15 		  0.00034892 
6 		 14 		  0.23398675 
6 		 13 		  0.00115367 
6 		 12 		  0.00215665 
6 		 11 		  0.00255517 
6 		 10 		  0.00076245 
6 		 9 		  0.00169335 
6 		 8 		  0.00208504 
6 		 7 		  0.00286077 
6 		 6 		  0.00427394 
7 		 100 		  0.52151171 
7 		 99 		  0.02259773 
7 		 98 		  0.51181065 
7 		 97 		  0.00244155 
7 		 96 		  0.01590750 
7 		 94 		  0.04685666 
7 		 93 		  0.45494085 
7 		 92 		  0.54844615 
7 		 91 		  0.56118116 
7 		 90 		  0.59629895 
7 		 89 		  0.31413017 
7 		 88 		  0.01046152 
7 		 87 		  0.00247198 
7 		 86 		  0.09091155 
7 		 85 		  0.13195779 
7 		 84 		  0.10614509 
7 		 83 		  0.10570295 
7 		 82 		  0.10649810 
7 		 81 		  0.12415452 
7 		 80 		  0.14895096 
7 		 79 		  0.13142109 
7 		 78 		  0.54794276 
7 		 77 		  0.24513454 
7 		 76 		  0.23981813 
7 		 75 		  0.01652073 
7 		 74 		  0.22281386 
7 		 73 		  0.29667149 
7 		 72 		  0.02061189 
7 		 71 		  0.03165343 
7 		 70 		  0.02377497 
7 		 69 		  0.01941235 
7 		 68 		  0.01967277 
7 		 67 		  0.50193092 
7 		 66 		  0.02372906 
7 		 65 		  0.00436964 
7 		 64 		  0.02884011 
7 		 63 		  0.22618243 
7 		 62 		  0.05379976 
7 		 61 		  0.06472386 
7 		 60 		  0.00737004 
7 		 59 		  0.00752027 
7 		 58 		  0.00198948 
7 		 57 		  0.01777320 
7 		 56 		  0.00015982 
7 		 55 		  0.00814279 
7 		 54 		  0.00208071 
7 		 53 		  0.00420769 
7 		 52 		  0.00708449 
7 		 51 		  0.00106320 
7 		 50 		  0.00651348 
7 		 49 		  0.00607703 
7 		 48 		  0.05927437 
7 		 47 		  0.01766748 
7 		 46 		  0.02126296 
7 		 45 		  0.00695255 
7 		 44 		  0.27321129 
7 		 42 		  0.05119692 
7 		 39 		  0.00848855 
7 		 38 		  0.04181404 
7 		 37 		  0.03532729 
7 		 36 		  0.00362712 
7 		 34 		  0.01233212 
7 		 32 		  0.47632986 
7 		 31 		  0.08910071 
7 		 30 		  0.07075787 
7 		 29 		  0.00510294 
7 		 27 		  0.04704019 
7 		 24 		  0.41561214 
7 		 23 		  0.02524477 
7 		 21 		  0.52733769 
7 		 19 		  0.26355325 
7 		 18 		  0.44952093 
7 		 17 		  0.00335978 
7 		 16 		  0.00831775 
7 		 14 		  0.00659700 
7 		 12 		  0.00019175 
7 		 11 		  0.00024293 
7 		 9 		  0.00010466 
7 		 8 		  0.00011771 
7 		 7 		  0.00025397 
7 		 6 		  0.00041509 
8 		 100 		  0.04919562 
8 		 99 		  0.05334761 
8 		 98 		  0.03637620 
8 		 97 		  0.04492167 
8 		 96 		  0.05535471 
8 		 94 		  0.20292785 
8 		 93 		  0.40257826 
8 		 92 		  0.02788582 
8 		 91 		  0.29630629 
8 		 90 		  0.00356529 
8 		 89 		  0.51190802 
8 		 88 		  0.05503324 
8 		 87 		  0.41479936 
8 		 86 		  0.19858288 
8 		 85 		  0.32159490 
8 		 84 		  0.23665430 
8 		 83 		  0.23369217 
8 		 82 		  0.24333739 
8 		 81 		  0.30545969 
8 		 80 		  0.69135324 
8 		 79 		  0.26079609 
8 		 78 		  0.18845317 
8 		 77 		  0.58084052 
8 		 76 		  0.53323567 
8 		 75 		  0.48919086 
8 		 74 		  0.26193232 
8 		 73 		  0.48685443 
8 		 72 		  0.20000445 
8 		 71 		  0.14855168 
8 		 70 		  0.00425952 
8 		 69 		  0.45610117 
8 		 68 		  0.46880811 
8 		 67 		  0.00389761 
8 		 66 		  0.01056889 
8 		 65 		  0.00032001 
8 		 64 		  0.02185980 
8 		 63 		  0.44799723 
8 		 62 		  0.04446240 
8 		 61 		  0.18991461 
8 		 60 		  0.12686082 
8 		 59 		  0.13320040 
8 		 58 		  0.08990229 
8 		 57 		  0.16291565 
8 		 56 		  0.00016224 
8 		 55 		  0.11853553 
8 		 54 		  0.07582211 
8 		 53 		  0.09265364 
8 		 52 		  0.11128514 
8 		 51 		  0.06596802 
8 		 50 		  0.10781359 
8 		 49 		  0.10456424 
8 		 48 		  0.20346938 
8 		 47 		  0.03768838 
8 		 46 		  0.04444833 
8 		 45 		  0.00221902 
8 		 44 		  0.51035695 
8 		 42 		  0.00012964 
8 		 40 		  0.00030092 
8 		 39 		  0.00552489 
8 		 38 		  0.20281978 
8 		 37 		  0.18169864 
8 		 36 		  0.13353236 
8 		 35 		  0.00156739 
8 		 34 		  0.00842905 
8 		 33 		  0.00139584 
8 		 32 		  0.01100399 
8 		 31 		  0.00187335 
8 		 30 		  0.00607189 
8 		 29 		  0.00170982 
8 		 28 		  0.00046467 
8 		 27 		  0.25560362 
8 		 24 		  0.00035048 
8 		 23 		  0.25195800 
8 		 22 		  0.00717135 
8 		 21 		  0.00347869 
8 		 19 		  0.22007887 
8 		 18 		  0.00709752 
8 		 16 		  0.00086145 
8 		 14 		  0.00060731 
9 		 100 		  0.00010117 
9 		 99 		  0.15626248 
9 		 98 		  0.00939502 
9 		 97 		  0.09834930 
9 		 96 		  0.13684249 
9 		 94 		  0.42365764 
9 		 93 		  0.00144272 
9 		 92 		  0.00788476 
9 		 91 		  0.00200024 
9 		 90 		  0.00300843 
9 		 89 		  0.00656001 
9 		 88 		  0.08275097 
9 		 87 		  0.00982315 
9 		 86 		  0.02025184 
9 		 85 		  0.12612735 
9 		 84 		  0.00350312 
9 		 83 		  0.00421951 
9 		 82 		  0.00237830 
9 		 81 		  0.01163974 
9 		 80 		  0.00658145 
9 		 79 		  0.13623202 
9 		 78 		  0.02714324 
9 		 77 		  0.00893230 
9 		 76 		  0.00608090 
9 		 75 		  0.00398564 
9 		 74 		  0.03337397 
9 		 73 		  0.01542167 
9 		 72 		  0.08916950 
9 		 71 		  0.13692938 
9 		 70 		  0.00161978 
9 		 69 		  0.32083132 
9 		 68 		  0.05295539 
9 		 66 		  0.05812076 
9 		 65 		  0.00049231 
9 		 64 		  0.17958818 
9 		 63 		  0.00532854 
9 		 62 		  0.10137002 
9 		 61 		  0.56624024 
9 		 60 		  0.31038513 
9 		 59 		  0.41929904 
9 		 58 		  0.45086996 
9 		 57 		  0.64764134 
9 		 56 		  0.23951876 
9 		 55 		  0.66606211 
9 		 54 		  0.65341132 
9 		 53 		  0.66391112 
9 		 52 		  0.66876527 
9 		 51 		  0.64055317 
9 		 50 		  0.66831728 
9 		 49 		  0.66886212 
9 		 48 		  0.64707044 
9 		 47 		  0.01717097 
9 		 46 		  0.02163009 
9 		 45 		  0.00118922 
9 		 44 		  0.00885410 
9 		 42 		  0.16657423 
9 		 38 		  0.67316728 
9 		 37 		  0.70961797 
9 		 36 		  0.82750850 
9 		 35 		  0.00065766 
9 		 34 		  0.00656941 
9 		 33 		  0.00056487 
9 		 31 		  0.00500905 
9 		 30 		  0.00820094 
9 		 29 		  0.00158969 
9 		 28 		  0.00033830 
9 		 27 		  0.06648765 
9 		 24 		  0.09176524 
9 		 23 		  0.67808769 
9 		 22 		  0.00067196 
9 		 21 		  0.00016484 
9 		 19 		  0.01679429 
9 		 18 		  0.00047406 
9 		 16 		  0.00012914 
10 		 99 		  0.68410975 
10 		 98 		  0.00843047 
10 		 97 		  0.64674422 
10 		 96 		  0.68106981 
10 		 94 		  0.13175110 
10 		 93 		  0.00353505 
10 		 92 		  0.02920655 
10 		 91 		  0.00782887 
10 		 90 		  0.02663298 
10 		 89 		  0.00048476 
10 		 88 		  0.00465681 
10 		 87 		  0.00962192 
10 		 86 		  0.33797124 
10 		 85 		  0.26964074 
10 		 84 		  0.31794521 
10 		 83 		  0.32125732 
10 		 82 		  0.29288937 
10 		 81 		  0.28058274 
10 		 80 		  0.01332882 
10 		 79 		  0.23367994 
10 		 78 		  0.00141618 
10 		 77 		  0.00065247 
10 		 76 		  0.00196975 
10 		 75 		  0.01536389 
10 		 74 		  0.05378196 
10 		 73 		  0.00444810 
10 		 72 		  0.34252423 
10 		 71 		  0.50657189 
10 		 70 		  0.00040097 
10 		 69 		  0.06026928 
10 		 68 		  0.19002067 
10 		 67 		  0.00049043 
10 		 66 		  0.00261980 
10 		 65 		  0.00106993 
10 		 64 		  0.62994009 
10 		 63 		  0.00782710 
10 		 62 		  0.31878960 
10 		 61 		  0.00441445 
10 		 60 		  0.03409740 
10 		 59 		  0.00810027 
10 		 57 		  0.01260175 
10 		 56 		  0.58447397 
10 		 55 		  0.06650072 
10 		 54 		  0.13004227 
10 		 53 		  0.10227893 
10 		 52 		  0.07420761 
10 		 51 		  0.15715210 
10 		 50 		  0.07822452 
10 		 49 		  0.09019171 
10 		 47 		  0.01464569 
10 		 46 		  0.01661378 
10 		 45 		  0.00117487 
10 		 44 		  0.00586834 
10 		 42 		  0.62856078 
10 		 39 		  0.00054289 
10 		 38 		  0.01025647 
10 		 37 		  0.00871753 
10 		 36 		  0.00450703 
10 		 35 		  0.00024949 
10 		 34 		  0.00135814 
10 		 33 		  0.00020573 
10 		 31 		  0.00091305 
10 		 30 		  0.00152836 
10 		 29 		  0.00037638 
10 		 27 		  0.00816167 
10 		 24 		  0.01467554 
10 		 23 		  0.00380955 
10 		 22 		  0.00012153 
10 		 19 		  0.00285199 
11 		 99 		  0.00641425 
11 		 98 		  0.00031732 
11 		 97 		  0.03193884 
11 		 96 		  0.00675238 
11 		 94 		  0.00024258 
11 		 92 		  0.00012239 
11 		 88 		  0.72792545 
11 		 87 		  0.02266728 
11 		 86 		  0.10542942 
11 		 85 		  0.04573055 
11 		 84 		  0.10150709 
11 		 83 		  0.10184490 
11 		 82 		  0.10186408 
11 		 81 		  0.08470989 
11 		 80 		  0.00036240 
11 		 79 		  0.05327028 
11 		 78 		  0.00048574 
11 		 77 		  0.00226154 
11 		 76 		  0.00033990 
11 		 75 		  0.00512653 
11 		 74 		  0.01476031 
11 		 73 		  0.00013499 
11 		 72 		  0.21891154 
11 		 71 		  0.08149646 
11 		 70 		  0.00464474 
11 		 69 		  0.03333781 
11 		 68 		  0.10993182 
11 		 67 		  0.00013291 
11 		 66 		  0.01638614 
11 		 65 		  0.00237092 
11 		 64 		  0.05288912 
11 		 63 		  0.01037472 
11 		 62 		  0.34901615 
11 		 61 		  0.00258872 
11 		 60 		  0.01948632 
11 		 59 		  0.03493729 
11 		 58 		  0.04941061 
11 		 57 		  0.03876516 
11 		 56 		  0.00215644 
11 		 55 		  0.03367802 
11 		 54 		  0.03500653 
11 		 53 		  0.03435947 
11 		 52 		  0.03315473 
11 		 51 		  0.03791370 
11 		 50 		  0.03339379 
11 		 49 		  0.03462299 
11 		 48 		  0.00353665 
11 		 47 		  0.01271039 
11 		 46 		  0.01401860 
11 		 45 		  0.00124750 
11 		 44 		  0.00265253 
11 		 42 		  0.07438327 
11 		 39 		  0.00020219 
11 		 38 		  0.00068383 
11 		 37 		  0.00048832 
11 		 34 		  0.00039050 
11 		 31 		  0.00027158 
11 		 30 		  0.00043727 
11 		 29 		  0.00011805 
11 		 27 		  0.00153716 
11 		 24 		  0.00313530 
11 		 19 		  0.00063509 
12 		 100 		  0.00073295 
12 		 99 		  0.00374447 
12 		 98 		  0.00105977 
12 		 97 		  0.02479662 
12 		 96 		  0.00863271 
12 		 94 		  0.00418455 
12 		 92 		  0.00122700 
12 		 91 		  0.00038788 
12 		 90 		  0.00134864 
12 		 88 		  0.00954878 
12 		 87 		  0.00084854 
12 		 86 		  0.00018511 
12 		 85 		  0.00038183 
12 		 84 		  0.00031800 
12 		 83 		  0.00034391 
12 		 82 		  0.00040268 
12 		 79 		  0.00011615 
12 		 78 		  0.01249767 
12 		 77 		  0.00072142 
12 		 76 		  0.00012676 
12 		 75 		  0.00841059 
12 		 74 		  0.01549920 
12 		 73 		  0.00071432 
12 		 72 		  0.02225870 
12 		 71 		  0.00982137 
12 		 70 		  0.00150819 
12 		 69 		  0.00768552 
12 		 68 		  0.02162474 
12 		 66 		  0.00365708 
12 		 65 		  0.00054291 
12 		 64 		  0.00235853 
12 		 63 		  0.00098228 
12 		 61 		  0.00015222 
12 		 60 		  0.00371897 
12 		 59 		  0.00546495 
12 		 58 		  0.00660968 
12 		 57 		  0.00482893 
12 		 55 		  0.00428438 
12 		 54 		  0.00426495 
12 		 53 		  0.00424808 
12 		 52 		  0.00418644 
12 		 51 		  0.00456155 
12 		 50 		  0.00419796 
12 		 49 		  0.00429791 
12 		 48 		  0.00036771 
12 		 47 		  0.00297027 
12 		 46 		  0.00327295 
12 		 45 		  0.00030437 
12 		 44 		  0.00058989 
12 		 42 		  0.01145416 
12 		 34 		  0.00012820 
12 		 30 		  0.00014356 
12 		 27 		  0.00034070 
12 		 24 		  0.00083964 
12 		 19 		  0.00016521 
13 		 100 		  0.00229396 
13 		 99 		  0.00133640 
13 		 98 		  0.00187854 
13 		 97 		  0.01611893 
13 		 96 		  0.00243810 
13 		 94 		  0.00104761 
13 		 93 		  0.00094019 
13 		 92 		  0.00901235 
13 		 91 		  0.00146643 
13 		 90 		  0.00527345 
13 		 88 		  0.00720283 
13 		 87 		  0.00350198 
13 		 86 		  0.00828906 
13 		 85 		  0.00209515 
13 		 84 		  0.00871242 
13 		 83 		  0.00878527 
13 		 82 		  0.00889618 
13 		 81 		  0.00674484 
13 		 80 		  0.00108294 
13 		 77 		  0.00025843 
13 		 75 		  0.00140437 
13 		 74 		  0.00413359 
13 		 72 		  0.00957335 
13 		 71 		  0.00207617 
13 		 70 		  0.00058252 
13 		 69 		  0.00303381 
13 		 68 		  0.00719916 
13 		 66 		  0.82681590 
13 		 65 		  0.00021631 
13 		 64 		  0.00059675 
13 		 63 		  0.00037620 
13 		 62 		  0.00015511 
13 		 60 		  0.00094741 
13 		 59 		  0.00127069 
13 		 58 		  0.00141970 
13 		 57 		  0.00099204 
13 		 55 		  0.00093738 
13 		 54 		  0.00093619 
13 		 53 		  0.00092922 
13 		 52 		  0.00091522 
13 		 51 		  0.00100198 
13 		 50 		  0.00091701 
13 		 49 		  0.00093571 
13 		 47 		  0.00105572 
13 		 46 		  0.00116344 
13 		 45 		  0.00011121 
13 		 44 		  0.00021396 
13 		 42 		  0.00352873 
13 		 24 		  0.00025864 
14 		 100 		  0.00037633 
14 		 99 		  0.00065781 
14 		 98 		  0.00090532 
14 		 97 		  0.00421255 
14 		 96 		  0.00102989 
14 		 94 		  0.00029630 
14 		 93 		  0.00020165 
14 		 92 		  0.00220191 
14 		 91 		  0.00055343 
14 		 90 		  0.00198091 
14 		 88 		  0.00192335 
14 		 87 		  0.00090350 
14 		 86 		  0.00205003 
14 		 85 		  0.00055915 
14 		 84 		  0.00215581 
14 		 83 		  0.00217245 
14 		 82 		  0.00224586 
14 		 81 		  0.00151204 
14 		 79 		  0.00061609 
14 		 78 		  0.00193193 
14 		 75 		  0.00203998 
14 		 74 		  0.00428330 
14 		 73 		  0.00020050 
14 		 72 		  0.00203442 
14 		 71 		  0.00072758 
14 		 70 		  0.00040670 
14 		 69 		  0.00087198 
14 		 68 		  0.00219836 
14 		 66 		  0.00748552 
14 		 64 		  0.00018997 
14 		 63 		  0.00015778 
14 		 60 		  0.00028045 
14 		 59 		  0.00035160 
14 		 58 		  0.00036898 
14 		 57 		  0.00024721 
14 		 55 		  0.00025331 
14 		 54 		  0.00025762 
14 		 53 		  0.00025329 
14 		 52 		  0.00024758 
14 		 51 		  0.00027727 
14 		 50 		  0.00024815 
14 		 49 		  0.00025314 
14 		 47 		  0.00043692 
14 		 46 		  0.00048159 
14 		 42 		  0.00137816 
15 		 100 		  0.00019542 
15 		 99 		  0.00025122 
15 		 98 		  0.00050947 
15 		 97 		  0.00163267 
15 		 96 		  0.00036975 
15 		 93 		  0.00012074 
15 		 92 		  0.00125918 
15 		 91 		  0.00032057 
15 		 90 		  0.00114092 
15 		 88 		  0.00070348 
15 		 87 		  0.00047956 
15 		 86 		  0.00117581 
15 		 85 		  0.00038987 
15 		 84 		  0.00122272 
15 		 83 		  0.00122923 
15 		 82 		  0.00126854 
15 		 81 		  0.00091033 
15 		 79 		  0.00042483 
15 		 78 		  0.00085528 
15 		 75 		  0.00093933 
15 		 74 		  0.00200482 
15 		 72 		  0.00061403 
15 		 71 		  0.00020348 
15 		 70 		  0.00018895 
15 		 69 		  0.00029164 
15 		 68 		  0.00071816 
15 		 66 		  0.00288223 
15 		 59 		  0.00011153 
15 		 58 		  0.00010998 
15 		 47 		  0.00020077 
15 		 46 		  0.00022128 
15 		 42 		  0.00061266 
16 		 100 		  0.00011452 
16 		 99 		  0.00011346 
16 		 98 		  0.00030608 
16 		 97 		  0.00075294 
16 		 96 		  0.00015974 
16 		 92 		  0.00076479 
16 		 91 		  0.00019358 
16 		 90 		  0.00069246 
16 		 88 		  0.00030417 
16 		 87 		  0.00027985 
16 		 86 		  0.00070670 
16 		 85 		  0.00025843 
16 		 84 		  0.00072988 
16 		 83 		  0.00073273 
16 		 82 		  0.00075564 
16 		 81 		  0.00056248 
16 		 79 		  0.00027660 
16 		 78 		  0.00042091 
16 		 75 		  0.00048485 
16 		 74 		  0.00104470 
16 		 72 		  0.00022559 
16 		 69 		  0.00011860 
16 		 68 		  0.00028405 
16 		 66 		  0.00152499 
16 		 46 		  0.00010957 
16 		 42 		  0.00029125 
17 		 98 		  0.00019323 
17 		 97 		  0.00038376 
17 		 92 		  0.00048594 
17 		 91 		  0.00012062 
17 		 90 		  0.00043806 
17 		 88 		  0.00014279 
17 		 87 		  0.00017411 
17 		 86 		  0.00044217 
17 		 85 		  0.00017116 
17 		 84 		  0.00045427 
17 		 83 		  0.00045560 
17 		 82 		  0.00046971 
17 		 81 		  0.00035832 
17 		 79 		  0.00017950 
17 		 78 		  0.00022015 
17 		 75 		  0.00026943 
17 		 74 		  0.00058250 
17 		 68 		  0.00012453 
17 		 66 		  0.00094944 
17 		 42 		  0.00014201 
18 		 98 		  0.00011700 
18 		 97 		  0.00018565 
18 		 92 		  0.00029652 
18 		 90 		  0.00026620 
18 		 87 		  0.00010309 
18 		 86 		  0.00026529 
18 		 85 		  0.00010899 
18 		 84 		  0.00027153 
18 		 83 		  0.00027209 
18 		 82 		  0.00028033 
18 		 81 		  0.00021902 
18 		 79 		  0.00011067 
18 		 78 		  0.00011170 
18 		 75 		  0.00014419 
18 		 74 		  0.00031418 
18 		 66 		  0.00059126 
19 		 92 		  0.00016455 
19 		 90 		  0.00014806 
19 		 86 		  0.00014541 
19 		 84 		  0.00014860 
19 		 83 		  0.00014878 
19 		 82 		  0.00015312 
19 		 81 		  0.00012277 
19 		 74 		  0.00015742 
19 		 66 		  0.00031258 
20 		 66 		  0.00016950 
